,0,1,2,3,4,5,6,7,8
0,0.0,5.37,7.2,10.25,14.4,20.12,24.0,30.1,38.4
1,5.37,0.0,3.39,7.68,9.9,14.84,19.35,25.65,33.69
2,7.2,3.39,0.0,4.33,7.2,13.42,16.8,22.93,31.2
3,10.25,7.68,4.33,0.0,6.0,13.58,14.84,20.44,29.02
4,14.4,9.9,7.2,6.0,0.0,7.68,9.6,15.78,24.0
5,20.12,14.84,13.42,13.58,7.68,0.0,7.68,13.68,20.12
6,24.0,19.35,16.8,14.84,9.6,7.68,0.0,6.46,14.4
7,30.1,25.65,22.93,20.44,15.78,13.68,6.46,0.0,8.74
8,38.4,33.69,31.2,29.02,24.0,20.12,14.4,8.74,0.0
