,0,1,2,3,4,5,6,7,8
0,0.0,6.0,6.0,9.14,12.0,17.18,19.2,23.3,24.0
1,6.0,0.0,5.37,9.67,9.67,12.24,16.32,21.47,20.96
2,6.0,5.37,0.0,4.33,6.0,12.0,13.2,17.47,18.0
3,9.14,9.67,4.33,0.0,5.09,12.98,11.38,14.45,16.01
4,12.0,9.67,6.0,5.09,0.0,8.05,7.2,11.82,12.0
5,17.18,12.24,12.0,12.98,8.05,0.0,8.05,13.99,11.06
6,19.2,16.32,13.2,11.38,7.2,8.05,0.0,6.0,4.8
7,23.3,21.47,17.47,14.45,11.82,13.99,6.0,0.0,4.95
8,24.0,20.96,18.0,16.01,12.0,11.06,4.8,4.95,0.0
